cam0:
  cam_overlaps: [1]
  camera_model: pinhole
  distortion_coeffs: [-0.007088315654521242, -0.03373663281597948, -0.003584658182054242, 0.0005339778738070514]
  distortion_model: radtan
  intrinsics: [405.05676512574996, 405.2485063342071, 309.1642124567049, 202.07247963486338]
  resolution: [640, 400]
  rostopic: /stereo_inertial_publisher/left/image_rect
cam1:
  T_cn_cnm1:
  - [0.9999999802476993, 3.5022664708983715e-05, 0.0001956476722173113, -0.07496830488399829]
  - [-3.5309760489912265e-05, 0.9999989224489101, 0.0014676015254153178, 0.000405759059262091]
  - [-0.00019559606208079805, -0.0014676084046992594, 0.9999989039332737, -0.0006105643870515218]
  - [0.0, 0.0, 0.0, 1.0]
  cam_overlaps: [0]
  camera_model: pinhole
  distortion_coeffs: [0.01012495284492201, -0.05534845042962153, -0.0014582643199337248, 0.0007926650110993373]
  distortion_model: radtan
  intrinsics: [404.43888059947176, 404.6914098934126, 309.32163876812183, 201.27035965193335]
  resolution: [640, 400]
  rostopic: /stereo_inertial_publisher/right/image_rect
