cam0:
  T_cam_imu:
  - [0.0014400859469594907, -0.9999989574912918, -0.00010568251663893807, 0.05729055172181468]
  - [0.9999979873196503, 0.0014399368987397243, 0.0013971178818165798, 0.015990821648259917]
  - [-0.001396964249153762, -0.00010769427376166327, 0.9999990184459331, -0.004028909702841798]
  - [0.0, 0.0, 0.0, 1.0]
  cam_overlaps: [1]
  camera_model: pinhole
  distortion_coeffs: [-0.007088315654521242, -0.03373663281597948, -0.003584658182054242, 0.0005339778738070514]
  distortion_model: radtan
  intrinsics: [405.05676512574996, 405.2485063342071, 309.1642124567049, 202.07247963486338]
  resolution: [640, 400]
  rostopic: /stereo_inertial_publisher/left/image_rect
  timeshift_cam_imu: -0.0002869470996236527
cam1:
  T_cam_imu:
  - [0.0014748351999307463, -0.9999989083787201, 9.001389641821213e-05, -0.017677982499423678]
  - [0.9999948087347778, 0.001475087018533161, 0.00286472019286011, 0.016388627726909445]
  - [-0.0028648498440006797, 8.578843895381953e-05, 0.9999958926294223, -0.004674143744499711]
  - [0.0, 0.0, 0.0, 1.0]
  T_cn_cnm1:
  - [0.9999999802476995, 3.50226647089837e-05, 0.0001956476722173113, -0.07496830488399829]
  - [-3.530976048991225e-05, 0.9999989224489103, 0.0014676015254153178, 0.000405759059262091]
  - [-0.00019559606208079805, -0.0014676084046992594, 0.999998903933274, -0.0006105643870515218]
  - [0.0, 0.0, 0.0, 1.0]
  cam_overlaps: [0]
  camera_model: pinhole
  distortion_coeffs: [0.01012495284492201, -0.05534845042962153, -0.0014582643199337248, 0.0007926650110993373]
  distortion_model: radtan
  intrinsics: [404.43888059947176, 404.6914098934126, 309.32163876812183, 201.27035965193335]
  resolution: [640, 400]
  rostopic: /stereo_inertial_publisher/right/image_rect
  timeshift_cam_imu: -0.0002977136917737526
